0 0.772222 0.522000 0.057407 0.144000
0 0.808333 0.392000 0.064815 0.140000
0 0.716667 0.311000 0.037037 0.066000
0 0.669444 0.354000 0.038889 0.084000
0 0.616667 0.360000 0.044444 0.096000
0 0.543056 0.346000 0.047222 0.068000
0 0.484722 0.345000 0.032407 0.070000
0 0.426852 0.340000 0.037037 0.076000
0 0.398148 0.335000 0.029630 0.058000
0 0.387963 0.492000 0.046296 0.088000
0 0.393981 0.429000 0.034259 0.066000
0 0.336111 0.606000 0.064815 0.128000
0 0.254630 0.547000 0.059259 0.098000
0 0.275463 0.861000 0.062037 0.146000
0 0.187963 0.396000 0.046296 0.084000
0 0.117593 0.328000 0.040741 0.072000
0 0.152778 0.298000 0.035185 0.072000
0 0.195833 0.295000 0.034259 0.062000
0 0.234722 0.253000 0.025000 0.046000
0 0.256944 0.279000 0.034259 0.062000
0 0.287500 0.232000 0.025000 0.064000
