0 0.133333 0.884000 0.072222 0.136000
0 0.023148 0.770000 0.042593 0.120000
0 0.012963 0.609000 0.024074 0.114000
0 0.062963 0.508000 0.044444 0.084000
0 0.117593 0.458000 0.040741 0.080000
0 0.150000 0.541000 0.046296 0.102000
0 0.162963 0.387000 0.038889 0.074000
0 0.198148 0.379000 0.038889 0.078000
0 0.208796 0.309000 0.032407 0.066000
0 0.307407 0.219000 0.020370 0.046000
0 0.309259 0.182000 0.011111 0.028000
0 0.323611 0.189000 0.012037 0.026000
0 0.338889 0.182000 0.020370 0.028000
0 0.968056 0.773000 0.041667 0.082000
0 0.893056 0.723000 0.049074 0.086000
0 0.811111 0.762000 0.055556 0.112000
0 0.662500 0.800000 0.086111 0.124000
0 0.671759 0.662000 0.049074 0.088000
0 0.623611 0.596000 0.049074 0.088000
0 0.591204 0.525000 0.058333 0.082000
0 0.591667 0.436000 0.038889 0.092000
0 0.657870 0.460000 0.039815 0.076000
0 0.707870 0.479000 0.041667 0.062000
0 0.697222 0.550000 0.055556 0.084000
0 0.747222 0.466000 0.033333 0.068000
0 0.714815 0.441000 0.025926 0.038000
0 0.794444 0.475000 0.040741 0.046000
0 0.796296 0.523000 0.037037 0.062000
0 0.760185 0.540000 0.038889 0.040000
0 0.774074 0.599000 0.040741 0.058000
0 0.807870 0.661000 0.036111 0.050000
0 0.840741 0.586000 0.037037 0.048000
0 0.854630 0.541000 0.027778 0.058000
0 0.886574 0.596000 0.034259 0.064000
0 0.893981 0.654000 0.030556 0.036000
0 0.733333 0.362000 0.029630 0.064000
0 0.700926 0.320000 0.022222 0.052000
0 0.670370 0.344000 0.022222 0.044000
0 0.674537 0.298000 0.023148 0.044000
0 0.641667 0.278000 0.024074 0.052000
0 0.625000 0.273000 0.014815 0.030000
0 0.620833 0.309000 0.026852 0.058000
0 0.591667 0.315000 0.033333 0.074000
0 0.559722 0.276000 0.025000 0.048000
0 0.513889 0.312000 0.025926 0.060000
0 0.558333 0.227000 0.020370 0.034000
0 0.571296 0.195000 0.012963 0.026000
0 0.608333 0.227000 0.025926 0.046000
0 0.593519 0.270000 0.027778 0.028000
0 0.360185 0.793000 0.062963 0.142000
0 0.367593 0.688000 0.050000 0.060000
0 0.415741 0.606000 0.057407 0.092000
0 0.424074 0.497000 0.046296 0.102000
0 0.369907 0.446000 0.041667 0.084000
0 0.406481 0.421000 0.035185 0.074000
0 0.446296 0.355000 0.033333 0.054000
0 0.468981 0.339000 0.019444 0.062000
0 0.448611 0.273000 0.028704 0.042000
0 0.439815 0.234000 0.018519 0.032000
0 0.412037 0.217000 0.012963 0.022000
0 0.422222 0.236000 0.016667 0.024000
0 0.384722 0.170000 0.013889 0.028000
0 0.378704 0.980000 0.070370 0.040000
0 0.723611 0.644000 0.049074 0.088000
