0 0.023611 0.775000 0.045370 0.118000
0 0.014815 0.599000 0.027778 0.118000
0 0.063426 0.511000 0.047222 0.094000
0 0.148148 0.539000 0.038889 0.070000
0 0.119907 0.457000 0.032407 0.090000
0 0.156944 0.375000 0.037963 0.090000
0 0.200926 0.376000 0.042593 0.068000
0 0.202778 0.313000 0.029630 0.070000
0 0.307407 0.225000 0.020370 0.050000
0 0.347685 0.182000 0.021296 0.040000
0 0.358796 0.792000 0.076852 0.164000
0 0.373611 0.688000 0.056481 0.088000
0 0.417130 0.609000 0.050926 0.118000
0 0.414352 0.495000 0.049074 0.106000
0 0.368981 0.445000 0.041667 0.094000
0 0.404630 0.417000 0.042593 0.078000
0 0.447222 0.365000 0.035185 0.082000
0 0.438426 0.290000 0.023148 0.048000
0 0.477778 0.257000 0.031481 0.054000
0 0.443519 0.236000 0.022222 0.040000
0 0.422222 0.238000 0.018519 0.036000
0 0.557407 0.230000 0.016667 0.044000
0 0.552315 0.272000 0.030556 0.048000
0 0.514815 0.309000 0.033333 0.078000
0 0.584259 0.430000 0.046296 0.096000
0 0.729630 0.359000 0.035185 0.066000
0 0.667593 0.342000 0.027778 0.068000
0 0.673148 0.300000 0.024074 0.056000
0 0.699537 0.319000 0.023148 0.070000
0 0.620833 0.312000 0.028704 0.064000
0 0.590741 0.314000 0.031481 0.076000
0 0.606481 0.227000 0.024074 0.050000
0 0.571296 0.202000 0.018519 0.040000
0 0.516204 0.196000 0.019444 0.036000
0 0.625926 0.271000 0.018519 0.038000
0 0.643056 0.280000 0.026852 0.052000
0 0.586111 0.528000 0.051852 0.092000
0 0.622685 0.592000 0.049074 0.108000
0 0.672685 0.661000 0.043519 0.098000
0 0.664815 0.804000 0.079630 0.124000
0 0.722222 0.635000 0.046296 0.094000
0 0.695833 0.548000 0.049074 0.096000
0 0.711574 0.486000 0.039815 0.064000
0 0.714352 0.434000 0.021296 0.028000
0 0.660648 0.461000 0.037963 0.066000
0 0.748148 0.465000 0.037037 0.090000
0 0.797222 0.471000 0.040741 0.058000
0 0.797685 0.523000 0.041667 0.058000
0 0.758796 0.531000 0.034259 0.046000
0 0.769907 0.596000 0.039815 0.056000
0 0.840741 0.587000 0.037037 0.062000
0 0.850463 0.538000 0.032407 0.052000
0 0.885648 0.595000 0.032407 0.062000
0 0.807870 0.663000 0.047222 0.046000
0 0.809259 0.759000 0.050000 0.074000
0 0.893056 0.670000 0.037963 0.052000
0 0.888889 0.725000 0.053704 0.074000
0 0.968519 0.765000 0.042593 0.090000
