0 0.024537 0.587000 0.039815 0.106000
0 0.062500 0.514000 0.047222 0.108000
0 0.131944 0.460000 0.049074 0.096000
0 0.150926 0.527000 0.042593 0.098000
0 0.162963 0.375000 0.033333 0.094000
0 0.191204 0.389000 0.039815 0.086000
0 0.203241 0.313000 0.036111 0.078000
0 0.351852 0.508000 0.064815 0.100000
0 0.379167 0.680000 0.075000 0.116000
0 0.358333 0.780000 0.088889 0.172000
0 0.425000 0.601000 0.059259 0.098000
0 0.373611 0.438000 0.041667 0.092000
0 0.403241 0.420000 0.041667 0.096000
0 0.461574 0.368000 0.050926 0.072000
0 0.422685 0.270000 0.025000 0.056000
0 0.447222 0.264000 0.027778 0.056000
0 0.479167 0.259000 0.034259 0.070000
0 0.517593 0.305000 0.031481 0.074000
0 0.551852 0.274000 0.031481 0.060000
0 0.553704 0.228000 0.029630 0.052000
0 0.607407 0.236000 0.020370 0.036000
0 0.578241 0.301000 0.037963 0.082000
0 0.596296 0.285000 0.024074 0.058000
0 0.623611 0.268000 0.015741 0.036000
0 0.643981 0.275000 0.017593 0.058000
0 0.670833 0.298000 0.034259 0.052000
0 0.619907 0.305000 0.032407 0.050000
0 0.584722 0.417000 0.043519 0.086000
0 0.594444 0.520000 0.044444 0.084000
0 0.626389 0.597000 0.056481 0.110000
0 0.674537 0.667000 0.054630 0.082000
0 0.687037 0.788000 0.051852 0.164000
0 0.811574 0.781000 0.041667 0.078000
0 0.894444 0.742000 0.040741 0.088000
0 0.968981 0.780000 0.043519 0.088000
0 0.893056 0.663000 0.039815 0.070000
0 0.808796 0.658000 0.045370 0.076000
0 0.846759 0.595000 0.034259 0.082000
0 0.860648 0.547000 0.030556 0.082000
0 0.878241 0.587000 0.043519 0.102000
0 0.777315 0.589000 0.032407 0.062000
0 0.798148 0.526000 0.031481 0.060000
0 0.795370 0.477000 0.035185 0.078000
0 0.749537 0.467000 0.034259 0.086000
0 0.711574 0.488000 0.045370 0.068000
0 0.699537 0.564000 0.052778 0.092000
0 0.656019 0.470000 0.045370 0.084000
0 0.715278 0.436000 0.021296 0.028000
0 0.731481 0.354000 0.038889 0.092000
0 0.699537 0.314000 0.028704 0.060000
0 0.667593 0.343000 0.037037 0.062000
