0 0.012500 0.601000 0.023148 0.098000
0 0.021759 0.775000 0.041667 0.126000
0 0.063426 0.509000 0.041667 0.086000
0 0.151389 0.541000 0.039815 0.094000
0 0.126852 0.458000 0.037037 0.076000
0 0.160648 0.383000 0.039815 0.082000
0 0.202778 0.374000 0.040741 0.076000
0 0.206944 0.314000 0.030556 0.092000
0 0.310185 0.222000 0.020370 0.036000
0 0.347685 0.180000 0.012037 0.028000
0 0.361111 0.791000 0.079630 0.146000
0 0.373148 0.691000 0.048148 0.094000
0 0.418056 0.608000 0.054630 0.112000
0 0.415278 0.505000 0.052778 0.110000
0 0.368056 0.450000 0.039815 0.092000
0 0.405556 0.418000 0.033333 0.092000
0 0.447685 0.360000 0.034259 0.076000
0 0.440278 0.292000 0.025000 0.044000
0 0.418056 0.239000 0.015741 0.038000
0 0.444907 0.230000 0.017593 0.040000
0 0.477315 0.262000 0.030556 0.060000
0 0.516204 0.311000 0.030556 0.070000
0 0.556481 0.278000 0.024074 0.056000
0 0.557407 0.225000 0.020370 0.034000
0 0.516667 0.194000 0.016667 0.032000
0 0.588426 0.317000 0.036111 0.070000
0 0.584259 0.427000 0.042593 0.082000
0 0.591204 0.522000 0.041667 0.092000
0 0.621759 0.584000 0.052778 0.100000
0 0.671296 0.662000 0.055556 0.116000
0 0.662037 0.804000 0.072222 0.128000
0 0.720833 0.637000 0.049074 0.102000
0 0.701852 0.555000 0.055556 0.098000
0 0.712037 0.489000 0.038889 0.066000
0 0.656481 0.461000 0.040741 0.078000
0 0.713426 0.430000 0.023148 0.052000
0 0.751389 0.460000 0.034259 0.088000
0 0.792130 0.472000 0.037963 0.064000
0 0.798148 0.524000 0.037037 0.080000
0 0.758796 0.535000 0.041667 0.058000
0 0.851389 0.538000 0.036111 0.064000
0 0.884259 0.590000 0.029630 0.064000
0 0.840741 0.593000 0.040741 0.070000
0 0.775000 0.592000 0.033333 0.072000
0 0.806944 0.662000 0.050926 0.072000
0 0.891204 0.665000 0.041667 0.058000
0 0.887963 0.731000 0.051852 0.094000
0 0.965278 0.761000 0.050926 0.106000
0 0.810185 0.769000 0.070370 0.098000
0 0.731944 0.360000 0.037963 0.084000
0 0.700926 0.315000 0.031481 0.074000
0 0.673148 0.293000 0.031481 0.046000
0 0.668519 0.341000 0.029630 0.070000
0 0.620833 0.313000 0.032407 0.058000
0 0.641204 0.277000 0.023148 0.038000
0 0.625463 0.269000 0.015741 0.030000
0 0.605556 0.232000 0.024074 0.048000
0 0.571759 0.196000 0.019444 0.036000
0 0.433333 0.194000 0.011111 0.028000
