0 0.063426 0.519000 0.039815 0.098000
0 0.013889 0.587000 0.025926 0.114000
0 0.022222 0.774000 0.042593 0.140000
0 0.135185 0.471000 0.053704 0.094000
0 0.152778 0.529000 0.040741 0.094000
0 0.161111 0.384000 0.037037 0.072000
0 0.200000 0.388000 0.046296 0.084000
0 0.204167 0.318000 0.041667 0.096000
0 0.358333 0.789000 0.083333 0.162000
0 0.375926 0.689000 0.057407 0.098000
0 0.417593 0.612000 0.055556 0.128000
0 0.386574 0.498000 0.052778 0.104000
0 0.366667 0.437000 0.038889 0.050000
0 0.405556 0.420000 0.031481 0.060000
0 0.461111 0.369000 0.033333 0.082000
0 0.424537 0.274000 0.025000 0.068000
0 0.413889 0.240000 0.020370 0.044000
0 0.305093 0.202000 0.015741 0.028000
0 0.320833 0.218000 0.017593 0.040000
0 0.374537 0.199000 0.015741 0.030000
0 0.516667 0.307000 0.033333 0.062000
0 0.479630 0.260000 0.027778 0.048000
0 0.447685 0.272000 0.023148 0.048000
0 0.556019 0.228000 0.019444 0.040000
0 0.554630 0.273000 0.022222 0.054000
0 0.582870 0.304000 0.032407 0.068000
0 0.609259 0.232000 0.022222 0.036000
0 0.572685 0.199000 0.017593 0.030000
0 0.625000 0.274000 0.016667 0.036000
0 0.642130 0.283000 0.023148 0.066000
0 0.618519 0.313000 0.031481 0.066000
0 0.669907 0.343000 0.030556 0.066000
0 0.670833 0.293000 0.036111 0.058000
0 0.699537 0.313000 0.032407 0.066000
0 0.731944 0.367000 0.032407 0.070000
0 0.587037 0.438000 0.055556 0.088000
0 0.593056 0.528000 0.054630 0.080000
0 0.629630 0.594000 0.044444 0.092000
0 0.672222 0.668000 0.051852 0.088000
0 0.669907 0.797000 0.063889 0.150000
0 0.809722 0.767000 0.043519 0.070000
0 0.892593 0.727000 0.040741 0.078000
0 0.967593 0.775000 0.040741 0.094000
0 0.890278 0.667000 0.030556 0.038000
0 0.839815 0.598000 0.038889 0.048000
0 0.810185 0.667000 0.025926 0.062000
0 0.773148 0.597000 0.037037 0.078000
0 0.725000 0.639000 0.048148 0.074000
0 0.701852 0.554000 0.040741 0.084000
0 0.660185 0.457000 0.035185 0.070000
0 0.712963 0.485000 0.037037 0.050000
0 0.749537 0.465000 0.025000 0.078000
0 0.769444 0.461000 0.009259 0.030000
0 0.794444 0.473000 0.031481 0.038000
0 0.797222 0.527000 0.029630 0.066000
0 0.856944 0.550000 0.023148 0.056000
0 0.884259 0.602000 0.031481 0.084000
0 0.757870 0.537000 0.036111 0.070000
0 0.712963 0.432000 0.022222 0.040000
