0 0.064815 0.512000 0.038889 0.088000
0 0.013426 0.601000 0.025000 0.130000
0 0.021296 0.768000 0.040741 0.108000
0 0.150926 0.531000 0.042593 0.086000
0 0.136111 0.459000 0.046296 0.078000
0 0.161111 0.381000 0.038889 0.066000
0 0.199074 0.382000 0.031481 0.076000
0 0.203241 0.319000 0.036111 0.070000
0 0.357407 0.786000 0.079630 0.148000
0 0.377315 0.689000 0.054630 0.086000
0 0.418056 0.603000 0.052778 0.110000
0 0.400463 0.496000 0.054630 0.108000
0 0.367593 0.440000 0.048148 0.100000
0 0.403704 0.415000 0.037037 0.078000
0 0.454630 0.360000 0.042593 0.076000
0 0.432870 0.279000 0.026852 0.046000
0 0.450926 0.272000 0.020370 0.056000
0 0.476852 0.264000 0.033333 0.080000
0 0.516204 0.305000 0.037963 0.090000
0 0.518056 0.194000 0.019444 0.040000
0 0.554167 0.229000 0.023148 0.038000
0 0.555093 0.271000 0.025000 0.062000
0 0.586111 0.306000 0.037037 0.084000
0 0.609722 0.228000 0.023148 0.056000
0 0.619907 0.311000 0.028704 0.074000
0 0.624537 0.265000 0.013889 0.038000
0 0.643981 0.273000 0.025000 0.042000
0 0.670370 0.295000 0.029630 0.034000
0 0.700000 0.315000 0.025926 0.066000
0 0.668981 0.339000 0.025000 0.054000
0 0.731944 0.360000 0.034259 0.068000
0 0.584259 0.431000 0.050000 0.078000
0 0.590741 0.521000 0.057407 0.094000
0 0.621759 0.584000 0.058333 0.104000
0 0.671759 0.799000 0.062037 0.098000
0 0.671296 0.662000 0.048148 0.092000
0 0.703704 0.546000 0.038889 0.096000
0 0.711574 0.485000 0.041667 0.058000
0 0.658333 0.463000 0.037037 0.058000
0 0.714815 0.432000 0.022222 0.036000
0 0.748611 0.461000 0.034259 0.086000
0 0.771296 0.462000 0.014815 0.056000
0 0.794907 0.480000 0.032407 0.060000
0 0.798611 0.530000 0.039815 0.072000
0 0.756944 0.529000 0.041667 0.074000
0 0.772685 0.597000 0.037963 0.070000
0 0.855556 0.543000 0.029630 0.062000
0 0.884259 0.599000 0.037037 0.042000
0 0.891204 0.666000 0.034259 0.056000
0 0.889815 0.739000 0.042593 0.106000
0 0.966667 0.779000 0.042593 0.082000
0 0.810648 0.665000 0.039815 0.070000
0 0.812037 0.767000 0.048148 0.098000
0 0.722685 0.628000 0.049074 0.080000
0 0.413889 0.239000 0.018519 0.030000
0 0.317130 0.223000 0.015741 0.026000
0 0.306481 0.194000 0.012963 0.028000
0 0.413889 0.209000 0.018519 0.030000
