0 0.063426 0.504000 0.047222 0.104000
0 0.118981 0.455000 0.043519 0.082000
0 0.201852 0.384000 0.038889 0.056000
0 0.160648 0.383000 0.039815 0.070000
0 0.152315 0.536000 0.036111 0.100000
0 0.014815 0.608000 0.027778 0.120000
0 0.021759 0.779000 0.041667 0.134000
0 0.206944 0.315000 0.028704 0.066000
0 0.363889 0.795000 0.075926 0.182000
0 0.369444 0.687000 0.059259 0.086000
0 0.415741 0.600000 0.059259 0.116000
0 0.424537 0.496000 0.050926 0.108000
0 0.367130 0.446000 0.052778 0.092000
0 0.406944 0.419000 0.045370 0.082000
0 0.445370 0.353000 0.040741 0.086000
0 0.661111 0.809000 0.077778 0.146000
0 0.668056 0.667000 0.056481 0.122000
0 0.624074 0.603000 0.051852 0.110000
0 0.588889 0.526000 0.055556 0.100000
0 0.587037 0.434000 0.046296 0.092000
0 0.659722 0.466000 0.039815 0.092000
0 0.706019 0.478000 0.047222 0.076000
0 0.713889 0.434000 0.025926 0.044000
0 0.750000 0.465000 0.031481 0.066000
0 0.793056 0.470000 0.041667 0.080000
0 0.798148 0.533000 0.044444 0.074000
0 0.853241 0.546000 0.036111 0.056000
0 0.882870 0.593000 0.034259 0.062000
0 0.889815 0.668000 0.037037 0.056000
0 0.892593 0.722000 0.051852 0.076000
0 0.967130 0.764000 0.050926 0.100000
0 0.806019 0.777000 0.058333 0.094000
0 0.809722 0.661000 0.045370 0.054000
0 0.774537 0.592000 0.050926 0.068000
0 0.761111 0.533000 0.051852 0.082000
0 0.699074 0.548000 0.050000 0.076000
0 0.721759 0.635000 0.045370 0.086000
0 0.731481 0.366000 0.033333 0.080000
0 0.698611 0.314000 0.025000 0.052000
0 0.671759 0.296000 0.026852 0.060000
0 0.668056 0.346000 0.036111 0.064000
0 0.621759 0.312000 0.025000 0.064000
0 0.590278 0.320000 0.030556 0.064000
0 0.551389 0.274000 0.028704 0.060000
0 0.515741 0.311000 0.031481 0.074000
0 0.611111 0.230000 0.025926 0.044000
0 0.560185 0.233000 0.024074 0.046000
0 0.518981 0.201000 0.021296 0.034000
0 0.479167 0.261000 0.034259 0.062000
0 0.438426 0.233000 0.023148 0.038000
0 0.412037 0.227000 0.018519 0.038000
0 0.306944 0.225000 0.021296 0.038000
0 0.308796 0.193000 0.013889 0.038000
0 0.324074 0.189000 0.012963 0.026000
0 0.341204 0.180000 0.015741 0.028000
0 0.570370 0.200000 0.016667 0.036000
0 0.120833 0.935000 0.069444 0.130000
