0 0.014352 0.612000 0.026852 0.112000
0 0.022685 0.788000 0.043519 0.136000
0 0.063426 0.514000 0.039815 0.100000
0 0.118519 0.465000 0.037037 0.082000
0 0.157870 0.546000 0.037963 0.080000
0 0.161111 0.385000 0.038889 0.058000
0 0.200926 0.379000 0.035185 0.058000
0 0.206481 0.313000 0.031481 0.070000
0 0.360648 0.794000 0.078704 0.152000
0 0.364815 0.701000 0.061111 0.110000
0 0.416667 0.609000 0.053704 0.126000
0 0.422222 0.504000 0.057407 0.108000
0 0.368981 0.446000 0.049074 0.092000
0 0.405556 0.413000 0.046296 0.082000
0 0.446759 0.362000 0.037963 0.088000
0 0.662500 0.806000 0.084259 0.144000
0 0.803704 0.768000 0.068519 0.112000
0 0.888889 0.735000 0.050000 0.086000
0 0.966667 0.768000 0.048148 0.100000
0 0.892593 0.668000 0.042593 0.056000
0 0.884722 0.602000 0.037963 0.088000
0 0.852315 0.544000 0.043519 0.084000
0 0.840278 0.595000 0.043519 0.070000
0 0.775926 0.593000 0.044444 0.058000
0 0.809722 0.653000 0.039815 0.050000
0 0.725000 0.632000 0.040741 0.092000
0 0.668981 0.655000 0.049074 0.086000
0 0.616667 0.577000 0.068519 0.106000
0 0.588426 0.521000 0.060185 0.106000
0 0.584259 0.430000 0.051852 0.088000
0 0.592130 0.321000 0.028704 0.054000
0 0.620370 0.316000 0.031481 0.064000
0 0.669444 0.340000 0.035185 0.072000
0 0.731019 0.363000 0.039815 0.086000
0 0.712037 0.437000 0.025926 0.030000
0 0.656019 0.449000 0.043519 0.050000
0 0.705093 0.488000 0.043519 0.052000
0 0.747222 0.459000 0.038889 0.070000
0 0.795370 0.473000 0.035185 0.042000
0 0.800000 0.522000 0.033333 0.052000
0 0.761111 0.530000 0.033333 0.052000
0 0.699074 0.551000 0.044444 0.066000
0 0.643519 0.275000 0.022222 0.034000
0 0.624537 0.272000 0.010185 0.028000
0 0.676389 0.295000 0.025000 0.050000
0 0.703704 0.318000 0.024074 0.052000
0 0.611111 0.232000 0.024074 0.044000
0 0.572222 0.197000 0.016667 0.026000
0 0.559259 0.223000 0.022222 0.042000
0 0.554630 0.270000 0.020370 0.048000
0 0.514352 0.307000 0.028704 0.066000
0 0.515278 0.196000 0.017593 0.036000
0 0.477778 0.261000 0.025926 0.050000
0 0.447685 0.270000 0.025000 0.048000
0 0.440278 0.239000 0.021296 0.030000
0 0.413426 0.218000 0.015741 0.020000
0 0.342593 0.182000 0.014815 0.028000
0 0.326389 0.197000 0.017593 0.046000
0 0.308333 0.196000 0.011111 0.020000
0 0.306019 0.225000 0.015741 0.034000
0 0.119907 0.937000 0.067593 0.126000
