0 0.061111 0.508000 0.048148 0.080000
0 0.015278 0.606000 0.028704 0.104000
0 0.021759 0.771000 0.041667 0.118000
0 0.118981 0.460000 0.037963 0.072000
0 0.150000 0.537000 0.044444 0.102000
0 0.162963 0.384000 0.037037 0.068000
0 0.204167 0.378000 0.041667 0.084000
0 0.207407 0.321000 0.029630 0.066000
0 0.360185 0.792000 0.081481 0.148000
0 0.366204 0.696000 0.054630 0.096000
0 0.416667 0.610000 0.051852 0.112000
0 0.424537 0.501000 0.047222 0.106000
0 0.366204 0.444000 0.050926 0.096000
0 0.404630 0.420000 0.038889 0.092000
0 0.446759 0.365000 0.039815 0.086000
0 0.515278 0.313000 0.039815 0.074000
0 0.583333 0.431000 0.059259 0.098000
0 0.582407 0.524000 0.066667 0.092000
0 0.620370 0.591000 0.057407 0.098000
0 0.668056 0.664000 0.052778 0.100000
0 0.657870 0.802000 0.080556 0.120000
0 0.806481 0.768000 0.062963 0.112000
0 0.888889 0.737000 0.055556 0.102000
0 0.966667 0.773000 0.059259 0.106000
0 0.891667 0.669000 0.038889 0.070000
0 0.841667 0.601000 0.042593 0.086000
0 0.852315 0.551000 0.037963 0.078000
0 0.880093 0.586000 0.037963 0.076000
0 0.799537 0.533000 0.041667 0.082000
0 0.796296 0.470000 0.042593 0.064000
0 0.750926 0.460000 0.044444 0.096000
0 0.707870 0.483000 0.052778 0.078000
0 0.699074 0.556000 0.059259 0.100000
0 0.756481 0.540000 0.040741 0.060000
0 0.770370 0.612000 0.050000 0.060000
0 0.652315 0.460000 0.039815 0.064000
0 0.619907 0.313000 0.030556 0.062000
0 0.589352 0.316000 0.025000 0.064000
0 0.670833 0.341000 0.034259 0.074000
0 0.675463 0.295000 0.025000 0.070000
0 0.700000 0.309000 0.029630 0.074000
0 0.731481 0.363000 0.035185 0.078000
0 0.610648 0.234000 0.025000 0.048000
0 0.643981 0.277000 0.019444 0.046000
0 0.553241 0.274000 0.023148 0.064000
0 0.560185 0.230000 0.020370 0.048000
0 0.571296 0.196000 0.016667 0.028000
0 0.517593 0.195000 0.012963 0.034000
0 0.477315 0.262000 0.030556 0.064000
0 0.445370 0.276000 0.025926 0.040000
0 0.439352 0.230000 0.019444 0.032000
0 0.413426 0.216000 0.013889 0.032000
0 0.344907 0.183000 0.015741 0.038000
0 0.307407 0.227000 0.020370 0.042000
0 0.307407 0.197000 0.014815 0.026000
0 0.321759 0.189000 0.013889 0.026000
0 0.109259 0.951000 0.072222 0.098000
