0 0.766204 0.512000 0.047222 0.112000
0 0.802778 0.379000 0.042593 0.086000
0 0.712500 0.309000 0.036111 0.082000
0 0.666667 0.348000 0.033333 0.072000
0 0.674074 0.224000 0.024074 0.040000
0 0.610185 0.241000 0.027778 0.050000
0 0.577315 0.220000 0.023148 0.040000
0 0.545833 0.206000 0.025000 0.040000
0 0.512037 0.216000 0.027778 0.056000
0 0.481944 0.217000 0.034259 0.066000
0 0.450926 0.203000 0.022222 0.050000
0 0.485185 0.342000 0.044444 0.084000
0 0.543519 0.365000 0.050000 0.098000
0 0.614352 0.351000 0.043519 0.078000
0 0.427315 0.350000 0.045370 0.084000
0 0.398148 0.334000 0.035185 0.092000
0 0.384259 0.491000 0.035185 0.090000
0 0.393519 0.432000 0.033333 0.056000
0 0.334722 0.597000 0.058333 0.106000
0 0.274074 0.860000 0.059259 0.136000
0 0.250926 0.535000 0.053704 0.114000
0 0.181481 0.390000 0.040741 0.076000
0 0.120370 0.332000 0.044444 0.072000
0 0.151389 0.294000 0.032407 0.068000
0 0.197685 0.289000 0.028704 0.074000
0 0.234722 0.258000 0.019444 0.068000
0 0.257407 0.281000 0.040741 0.078000
0 0.286111 0.231000 0.025926 0.082000
0 0.333333 0.175000 0.009259 0.034000
