0 0.020833 0.579000 0.036111 0.106000
0 0.058333 0.518000 0.042593 0.108000
0 0.123611 0.470000 0.045370 0.076000
0 0.144444 0.538000 0.042593 0.076000
0 0.162037 0.389000 0.037037 0.078000
0 0.192593 0.383000 0.040741 0.086000
0 0.200000 0.315000 0.033333 0.062000
0 0.339815 0.516000 0.046296 0.084000
0 0.355093 0.795000 0.095370 0.170000
0 0.421759 0.607000 0.058333 0.118000
0 0.382870 0.699000 0.071296 0.106000
0 0.372685 0.445000 0.045370 0.086000
0 0.404167 0.423000 0.037963 0.090000
0 0.462500 0.368000 0.039815 0.088000
0 0.423611 0.282000 0.026852 0.052000
0 0.449537 0.270000 0.025000 0.064000
0 0.520370 0.310000 0.038889 0.076000
0 0.481019 0.261000 0.030556 0.078000
0 0.556481 0.229000 0.016667 0.030000
0 0.553241 0.270000 0.030556 0.060000
0 0.575926 0.301000 0.033333 0.066000
0 0.608333 0.241000 0.025926 0.054000
0 0.597222 0.288000 0.022222 0.068000
0 0.644907 0.277000 0.025000 0.070000
0 0.625000 0.273000 0.024074 0.058000
0 0.619444 0.317000 0.037037 0.066000
0 0.672685 0.292000 0.026852 0.052000
0 0.700926 0.310000 0.027778 0.072000
0 0.670833 0.344000 0.036111 0.072000
0 0.586111 0.430000 0.035185 0.084000
0 0.591204 0.519000 0.058333 0.098000
0 0.628704 0.585000 0.051852 0.094000
0 0.664815 0.463000 0.031481 0.082000
0 0.700463 0.558000 0.045370 0.076000
0 0.733333 0.365000 0.035185 0.074000
0 0.714815 0.441000 0.027778 0.038000
0 0.748148 0.464000 0.037037 0.084000
0 0.769444 0.471000 0.020370 0.070000
0 0.798148 0.477000 0.044444 0.054000
0 0.796759 0.529000 0.039815 0.062000
0 0.762963 0.560000 0.048148 0.088000
0 0.776389 0.601000 0.039815 0.078000
0 0.730556 0.638000 0.040741 0.092000
0 0.674537 0.656000 0.039815 0.064000
0 0.688889 0.803000 0.061111 0.122000
0 0.809722 0.673000 0.043519 0.082000
0 0.843519 0.602000 0.035185 0.092000
0 0.856944 0.548000 0.025000 0.056000
0 0.881944 0.606000 0.028704 0.068000
0 0.891204 0.674000 0.060185 0.080000
0 0.896759 0.748000 0.047222 0.120000
0 0.811574 0.778000 0.052778 0.108000
0 0.967593 0.779000 0.048148 0.142000
0 0.518056 0.200000 0.023148 0.036000
