0 0.769444 0.505000 0.061111 0.102000
0 0.805093 0.383000 0.056481 0.094000
0 0.713889 0.307000 0.042593 0.066000
0 0.668056 0.345000 0.039815 0.070000
0 0.617130 0.356000 0.045370 0.080000
0 0.543981 0.353000 0.041667 0.086000
0 0.486574 0.350000 0.045370 0.096000
0 0.426852 0.351000 0.037037 0.074000
0 0.399537 0.337000 0.034259 0.062000
0 0.389815 0.427000 0.033333 0.046000
0 0.388889 0.492000 0.057407 0.104000
0 0.337500 0.609000 0.067593 0.106000
0 0.275463 0.853000 0.067593 0.102000
0 0.250926 0.548000 0.072222 0.120000
0 0.176389 0.404000 0.047222 0.092000
0 0.199537 0.300000 0.032407 0.060000
0 0.254167 0.276000 0.026852 0.056000
0 0.288889 0.223000 0.029630 0.050000
0 0.122685 0.330000 0.030556 0.100000
0 0.151389 0.293000 0.037963 0.066000
