0 0.065741 0.516000 0.044444 0.096000
0 0.018981 0.587000 0.036111 0.134000
0 0.023148 0.777000 0.044444 0.130000
0 0.133333 0.469000 0.050000 0.102000
0 0.155093 0.528000 0.039815 0.084000
0 0.161111 0.383000 0.038889 0.090000
0 0.194907 0.380000 0.039815 0.072000
0 0.202315 0.315000 0.041667 0.082000
0 0.360185 0.788000 0.081481 0.168000
0 0.380093 0.693000 0.060185 0.094000
0 0.417130 0.606000 0.056481 0.116000
0 0.376389 0.498000 0.056481 0.096000
0 0.371296 0.435000 0.044444 0.066000
0 0.406481 0.418000 0.040741 0.084000
0 0.424537 0.276000 0.025000 0.052000
0 0.446296 0.275000 0.024074 0.062000
0 0.477315 0.260000 0.034259 0.052000
0 0.460185 0.364000 0.040741 0.072000
0 0.516204 0.311000 0.034259 0.078000
0 0.554630 0.226000 0.020370 0.048000
0 0.554167 0.271000 0.026852 0.058000
0 0.573148 0.198000 0.014815 0.036000
0 0.609259 0.231000 0.022222 0.058000
0 0.584722 0.308000 0.032407 0.080000
0 0.583796 0.430000 0.045370 0.092000
0 0.618519 0.320000 0.025926 0.060000
0 0.625463 0.268000 0.019444 0.048000
0 0.641667 0.282000 0.029630 0.064000
0 0.670833 0.292000 0.026852 0.040000
0 0.701389 0.319000 0.025000 0.066000
0 0.668519 0.342000 0.037037 0.072000
0 0.661111 0.469000 0.038889 0.070000
0 0.592130 0.527000 0.041667 0.090000
0 0.626389 0.593000 0.050926 0.110000
0 0.675000 0.664000 0.048148 0.092000
0 0.698611 0.553000 0.052778 0.086000
0 0.710185 0.477000 0.042593 0.070000
0 0.714815 0.435000 0.018519 0.034000
0 0.733333 0.365000 0.038889 0.074000
0 0.749074 0.461000 0.046296 0.090000
0 0.759259 0.541000 0.038889 0.062000
0 0.796759 0.474000 0.039815 0.056000
0 0.793981 0.527000 0.034259 0.054000
0 0.773148 0.603000 0.040741 0.078000
0 0.723611 0.638000 0.043519 0.092000
0 0.676389 0.801000 0.080556 0.126000
0 0.806944 0.673000 0.041667 0.106000
0 0.809722 0.778000 0.060185 0.096000
0 0.845370 0.596000 0.029630 0.076000
0 0.857407 0.536000 0.027778 0.076000
0 0.884722 0.596000 0.037963 0.076000
0 0.891204 0.664000 0.037963 0.080000
0 0.894444 0.733000 0.044444 0.082000
0 0.968519 0.778000 0.051852 0.116000
0 0.514815 0.200000 0.022222 0.040000
