0 0.205556 0.317000 0.031481 0.062000
0 0.017593 0.585000 0.033333 0.130000
0 0.020370 0.776000 0.038889 0.128000
0 0.065741 0.520000 0.042593 0.116000
0 0.135648 0.471000 0.043519 0.098000
0 0.153241 0.529000 0.039815 0.094000
0 0.195833 0.384000 0.039815 0.076000
0 0.162037 0.384000 0.044444 0.084000
0 0.356019 0.784000 0.089815 0.156000
0 0.377778 0.701000 0.070370 0.094000
0 0.415741 0.613000 0.061111 0.130000
0 0.380556 0.504000 0.053704 0.100000
0 0.367130 0.432000 0.052778 0.096000
0 0.406944 0.425000 0.047222 0.110000
0 0.459259 0.358000 0.040741 0.112000
0 0.419907 0.277000 0.039815 0.086000
0 0.447685 0.269000 0.032407 0.074000
0 0.475463 0.259000 0.032407 0.066000
0 0.517130 0.196000 0.017593 0.036000
0 0.554630 0.226000 0.020370 0.044000
0 0.553241 0.274000 0.026852 0.064000
0 0.581019 0.304000 0.041667 0.092000
0 0.574074 0.202000 0.016667 0.036000
0 0.606481 0.235000 0.027778 0.058000
0 0.622685 0.268000 0.021296 0.040000
0 0.642593 0.278000 0.027778 0.072000
0 0.618981 0.312000 0.039815 0.072000
0 0.671759 0.294000 0.030556 0.044000
0 0.668981 0.346000 0.036111 0.076000
0 0.701389 0.323000 0.034259 0.086000
0 0.733333 0.367000 0.044444 0.062000
0 0.583796 0.438000 0.045370 0.076000
0 0.591667 0.530000 0.051852 0.084000
0 0.658796 0.476000 0.039815 0.060000
0 0.711574 0.431000 0.030556 0.034000
0 0.751389 0.467000 0.043519 0.094000
0 0.705556 0.484000 0.040741 0.072000
0 0.701852 0.560000 0.046296 0.092000
0 0.626852 0.589000 0.048148 0.098000
0 0.675463 0.665000 0.047222 0.086000
0 0.723611 0.635000 0.049074 0.106000
0 0.759722 0.538000 0.034259 0.080000
0 0.795833 0.469000 0.037963 0.074000
0 0.797685 0.533000 0.037963 0.098000
0 0.769444 0.603000 0.038889 0.082000
0 0.677778 0.795000 0.075926 0.154000
0 0.803704 0.669000 0.046296 0.114000
0 0.856019 0.547000 0.026852 0.090000
0 0.837500 0.606000 0.052778 0.112000
0 0.884722 0.601000 0.036111 0.098000
0 0.888889 0.666000 0.037037 0.072000
0 0.889815 0.729000 0.055556 0.134000
0 0.968981 0.779000 0.050926 0.154000
0 0.813426 0.775000 0.049074 0.094000
0 0.515741 0.306000 0.035185 0.092000
