0 0.065278 0.517000 0.039815 0.090000
0 0.016667 0.587000 0.031481 0.138000
0 0.025926 0.777000 0.050000 0.122000
0 0.134722 0.467000 0.052778 0.086000
0 0.155093 0.531000 0.041667 0.106000
0 0.161111 0.383000 0.035185 0.070000
0 0.197222 0.390000 0.046296 0.080000
0 0.204630 0.316000 0.031481 0.052000
0 0.358796 0.786000 0.082407 0.164000
0 0.375926 0.688000 0.072222 0.104000
0 0.417593 0.614000 0.061111 0.128000
0 0.382407 0.498000 0.055556 0.104000
0 0.369444 0.435000 0.048148 0.094000
0 0.405093 0.417000 0.043519 0.074000
0 0.461111 0.360000 0.042593 0.084000
0 0.425926 0.280000 0.029630 0.060000
0 0.449074 0.265000 0.025926 0.058000
0 0.476852 0.264000 0.027778 0.056000
0 0.516667 0.311000 0.038889 0.090000
0 0.515278 0.195000 0.019444 0.038000
0 0.554630 0.234000 0.022222 0.044000
0 0.553241 0.270000 0.028704 0.060000
0 0.608796 0.231000 0.026852 0.050000
0 0.585185 0.306000 0.035185 0.080000
0 0.618056 0.317000 0.026852 0.070000
0 0.625926 0.269000 0.020370 0.034000
0 0.643981 0.273000 0.028704 0.054000
0 0.671759 0.290000 0.025000 0.044000
0 0.667130 0.339000 0.034259 0.074000
0 0.700000 0.319000 0.029630 0.070000
0 0.731019 0.361000 0.036111 0.082000
0 0.583333 0.432000 0.050000 0.100000
0 0.589815 0.524000 0.053704 0.100000
0 0.621759 0.593000 0.065741 0.106000
0 0.659722 0.459000 0.041667 0.082000
0 0.712500 0.440000 0.028704 0.032000
0 0.709259 0.489000 0.050000 0.066000
0 0.750000 0.464000 0.037037 0.080000
0 0.794907 0.473000 0.043519 0.054000
0 0.796296 0.528000 0.029630 0.084000
0 0.757870 0.538000 0.045370 0.060000
0 0.699537 0.558000 0.047222 0.068000
0 0.725000 0.634000 0.048148 0.080000
0 0.773611 0.595000 0.041667 0.070000
0 0.841204 0.600000 0.039815 0.076000
0 0.858333 0.548000 0.037037 0.084000
0 0.886111 0.598000 0.038889 0.064000
0 0.892130 0.659000 0.039815 0.046000
0 0.891204 0.743000 0.058333 0.074000
0 0.969444 0.784000 0.046296 0.104000
0 0.807870 0.671000 0.039815 0.058000
0 0.811574 0.777000 0.041667 0.102000
0 0.676852 0.794000 0.101852 0.116000
0 0.674537 0.664000 0.047222 0.064000
