0 0.281944 0.422000 0.041667 0.100000
0 0.025000 0.810000 0.048148 0.124000
0 0.019444 0.589000 0.037037 0.126000
0 0.067593 0.506000 0.044444 0.084000
0 0.129630 0.470000 0.040741 0.080000
0 0.151852 0.524000 0.040741 0.096000
0 0.165278 0.379000 0.036111 0.074000
0 0.183333 0.388000 0.035185 0.068000
0 0.207870 0.319000 0.032407 0.066000
0 0.302778 0.223000 0.020370 0.046000
0 0.322685 0.191000 0.012037 0.026000
0 0.341667 0.182000 0.012963 0.032000
0 0.967593 0.778000 0.046296 0.100000
0 0.888889 0.738000 0.050000 0.108000
0 0.813889 0.774000 0.055556 0.112000
0 0.663426 0.803000 0.087963 0.130000
0 0.666667 0.667000 0.057407 0.094000
0 0.625926 0.588000 0.051852 0.092000
0 0.593981 0.530000 0.060185 0.096000
0 0.583796 0.435000 0.045370 0.090000
0 0.656944 0.460000 0.039815 0.076000
0 0.709722 0.483000 0.041667 0.062000
0 0.699074 0.558000 0.055556 0.084000
0 0.750000 0.462000 0.033333 0.068000
0 0.713889 0.439000 0.025926 0.046000
0 0.796296 0.476000 0.040741 0.056000
0 0.816667 0.545000 0.037037 0.062000
0 0.759259 0.551000 0.040741 0.082000
0 0.787037 0.609000 0.042593 0.070000
0 0.808796 0.670000 0.045370 0.072000
0 0.840278 0.594000 0.036111 0.068000
0 0.852778 0.549000 0.027778 0.058000
0 0.877315 0.600000 0.034259 0.064000
0 0.898148 0.675000 0.035185 0.046000
0 0.730556 0.364000 0.035185 0.072000
0 0.701852 0.317000 0.024074 0.058000
0 0.665741 0.340000 0.027778 0.056000
0 0.674074 0.296000 0.027778 0.044000
0 0.640741 0.280000 0.024074 0.052000
0 0.625000 0.273000 0.014815 0.030000
0 0.619907 0.313000 0.026852 0.058000
0 0.590741 0.311000 0.033333 0.074000
0 0.552315 0.272000 0.026852 0.052000
0 0.513426 0.310000 0.034259 0.068000
0 0.547222 0.217000 0.020370 0.034000
0 0.571296 0.201000 0.012963 0.026000
0 0.608333 0.235000 0.025926 0.046000
0 0.594444 0.272000 0.027778 0.028000
0 0.366204 0.785000 0.086111 0.166000
0 0.380556 0.694000 0.077778 0.088000
0 0.416204 0.608000 0.058333 0.104000
0 0.421296 0.500000 0.051852 0.108000
0 0.376389 0.446000 0.041667 0.084000
0 0.404630 0.423000 0.035185 0.074000
0 0.432870 0.348000 0.037963 0.068000
0 0.465278 0.337000 0.021296 0.062000
0 0.442593 0.271000 0.022222 0.046000
0 0.440278 0.228000 0.021296 0.036000
0 0.414352 0.220000 0.015741 0.036000
0 0.383796 0.168000 0.013889 0.028000
0 0.358333 0.959000 0.081481 0.078000
0 0.731481 0.645000 0.048148 0.090000
0 0.514815 0.198000 0.018519 0.044000
0 0.479630 0.261000 0.024074 0.054000
0 0.396759 0.205000 0.012037 0.034000
0 0.398148 0.261000 0.031481 0.050000
