0 0.155093 0.426000 0.047222 0.104000
0 0.123611 0.333000 0.037963 0.054000
0 0.154630 0.299000 0.029630 0.050000
0 0.198148 0.293000 0.025926 0.058000
0 0.254630 0.276000 0.029630 0.068000
0 0.287500 0.229000 0.028704 0.050000
0 0.283333 0.858000 0.072222 0.120000
0 0.336111 0.603000 0.055556 0.114000
0 0.255556 0.554000 0.050000 0.128000
0 0.385185 0.500000 0.044444 0.084000
0 0.390741 0.427000 0.029630 0.058000
0 0.396759 0.341000 0.028704 0.066000
0 0.430556 0.351000 0.037037 0.082000
0 0.487963 0.349000 0.042593 0.098000
0 0.541204 0.353000 0.043519 0.110000
0 0.617130 0.359000 0.049074 0.082000
0 0.663889 0.350000 0.025926 0.080000
0 0.713889 0.308000 0.044444 0.064000
0 0.806019 0.381000 0.047222 0.110000
0 0.753704 0.503000 0.064815 0.098000
0 0.482870 0.215000 0.023148 0.042000
0 0.511111 0.219000 0.022222 0.034000
0 0.544444 0.206000 0.018519 0.036000
0 0.575926 0.223000 0.024074 0.038000
0 0.611574 0.237000 0.021296 0.054000
0 0.676852 0.227000 0.024074 0.034000
