0 0.231944 0.543000 0.058333 0.130000
0 0.024074 0.783000 0.042593 0.114000
0 0.019444 0.598000 0.037037 0.108000
0 0.062037 0.508000 0.044444 0.084000
0 0.125926 0.464000 0.040741 0.080000
0 0.154167 0.529000 0.047222 0.082000
0 0.165278 0.385000 0.036111 0.074000
0 0.194444 0.383000 0.038889 0.078000
0 0.207870 0.317000 0.032407 0.066000
0 0.304630 0.221000 0.020370 0.046000
0 0.323611 0.189000 0.012037 0.026000
0 0.334259 0.182000 0.012963 0.032000
0 0.966667 0.778000 0.046296 0.100000
0 0.890741 0.740000 0.050000 0.108000
0 0.812037 0.768000 0.055556 0.112000
0 0.666204 0.805000 0.087963 0.130000
0 0.665278 0.670000 0.049074 0.088000
0 0.624537 0.588000 0.049074 0.088000
0 0.591204 0.527000 0.058333 0.082000
0 0.585185 0.432000 0.042593 0.080000
0 0.657870 0.462000 0.039815 0.076000
0 0.707870 0.483000 0.041667 0.062000
0 0.698148 0.556000 0.055556 0.084000
0 0.750926 0.460000 0.033333 0.068000
0 0.713889 0.437000 0.025926 0.046000
0 0.796296 0.476000 0.040741 0.056000
0 0.799074 0.527000 0.037037 0.062000
0 0.760648 0.535000 0.037963 0.054000
0 0.783796 0.610000 0.037963 0.072000
0 0.810648 0.665000 0.041667 0.062000
0 0.840278 0.594000 0.036111 0.068000
0 0.852778 0.547000 0.027778 0.058000
0 0.881019 0.606000 0.034259 0.064000
0 0.891667 0.667000 0.035185 0.046000
0 0.731019 0.362000 0.032407 0.068000
0 0.700000 0.317000 0.024074 0.058000
0 0.668981 0.344000 0.026852 0.048000
0 0.672685 0.298000 0.023148 0.044000
0 0.640741 0.280000 0.024074 0.052000
0 0.625000 0.273000 0.014815 0.030000
0 0.620833 0.307000 0.026852 0.058000
0 0.591667 0.315000 0.033333 0.074000
0 0.553241 0.270000 0.025000 0.048000
0 0.514352 0.307000 0.026852 0.066000
0 0.550000 0.219000 0.020370 0.034000
0 0.571296 0.199000 0.012963 0.026000
0 0.608333 0.233000 0.025926 0.046000
0 0.594444 0.272000 0.027778 0.028000
0 0.361574 0.787000 0.086111 0.166000
0 0.367593 0.683000 0.061111 0.066000
0 0.416204 0.608000 0.058333 0.104000
0 0.425000 0.497000 0.046296 0.102000
0 0.370833 0.446000 0.041667 0.084000
0 0.403704 0.423000 0.035185 0.074000
0 0.443981 0.348000 0.037963 0.068000
0 0.469907 0.337000 0.019444 0.062000
0 0.450000 0.266000 0.024074 0.040000
0 0.438889 0.229000 0.018519 0.034000
0 0.413426 0.220000 0.015741 0.036000
0 0.380093 0.168000 0.013889 0.028000
0 0.358333 0.963000 0.081481 0.070000
0 0.726389 0.645000 0.045370 0.102000
0 0.515741 0.196000 0.018519 0.044000
0 0.479630 0.263000 0.024074 0.054000
0 0.393981 0.205000 0.012037 0.034000
0 0.419907 0.275000 0.026852 0.042000
