0 0.018519 0.573000 0.031481 0.098000
0 0.055093 0.509000 0.041667 0.082000
0 0.124074 0.465000 0.037037 0.090000
0 0.144444 0.539000 0.038889 0.086000
0 0.162963 0.387000 0.033333 0.054000
0 0.188889 0.385000 0.031481 0.054000
0 0.199537 0.315000 0.032407 0.062000
0 0.372685 0.447000 0.045370 0.090000
0 0.337963 0.512000 0.048148 0.080000
0 0.422222 0.608000 0.057407 0.124000
0 0.381481 0.693000 0.061111 0.106000
0 0.356481 0.780000 0.085185 0.184000
0 0.406019 0.422000 0.052778 0.076000
0 0.463889 0.369000 0.042593 0.082000
0 0.420833 0.276000 0.034259 0.060000
0 0.448148 0.271000 0.025926 0.054000
0 0.480093 0.265000 0.028704 0.058000
0 0.518519 0.316000 0.037037 0.088000
0 0.553241 0.276000 0.025000 0.056000
0 0.554630 0.237000 0.024074 0.038000
0 0.610185 0.238000 0.022222 0.052000
0 0.624537 0.270000 0.019444 0.044000
0 0.575463 0.300000 0.036111 0.064000
0 0.620833 0.317000 0.030556 0.066000
0 0.596759 0.286000 0.025000 0.048000
0 0.640741 0.277000 0.027778 0.062000
0 0.672685 0.295000 0.030556 0.066000
0 0.668056 0.340000 0.030556 0.072000
0 0.699074 0.316000 0.031481 0.068000
0 0.732407 0.359000 0.042593 0.090000
0 0.587037 0.432000 0.051852 0.092000
0 0.657870 0.466000 0.036111 0.068000
0 0.592130 0.520000 0.054630 0.088000
0 0.628704 0.587000 0.053704 0.090000
0 0.965741 0.773000 0.040741 0.090000
0 0.892593 0.740000 0.046296 0.088000
0 0.809259 0.782000 0.051852 0.092000
0 0.682407 0.799000 0.064815 0.130000
0 0.676389 0.669000 0.050926 0.090000
0 0.701389 0.560000 0.047222 0.096000
0 0.706481 0.487000 0.048148 0.070000
0 0.712500 0.438000 0.017593 0.032000
0 0.743056 0.459000 0.034259 0.098000
0 0.767593 0.469000 0.020370 0.062000
0 0.763889 0.539000 0.031481 0.054000
0 0.794444 0.476000 0.031481 0.060000
0 0.796296 0.541000 0.035185 0.074000
0 0.774537 0.600000 0.036111 0.076000
0 0.843981 0.603000 0.032407 0.086000
0 0.808333 0.680000 0.046296 0.088000
0 0.859722 0.554000 0.025000 0.072000
0 0.877315 0.605000 0.036111 0.098000
0 0.887500 0.672000 0.036111 0.076000
