0 0.135185 0.453000 0.051852 0.082000
0 0.126852 0.324000 0.033333 0.068000
0 0.154630 0.297000 0.029630 0.058000
0 0.198611 0.296000 0.026852 0.060000
0 0.255556 0.280000 0.027778 0.056000
0 0.285648 0.233000 0.023148 0.058000
0 0.393981 0.339000 0.023148 0.038000
0 0.384722 0.483000 0.036111 0.074000
0 0.341204 0.601000 0.056481 0.090000
0 0.257870 0.550000 0.049074 0.100000
0 0.283333 0.849000 0.044444 0.126000
0 0.428704 0.357000 0.031481 0.046000
0 0.488889 0.343000 0.037037 0.074000
0 0.543519 0.362000 0.035185 0.088000
0 0.614815 0.357000 0.042593 0.090000
0 0.663426 0.353000 0.032407 0.082000
0 0.712500 0.304000 0.036111 0.076000
0 0.795370 0.392000 0.038889 0.096000
0 0.738889 0.511000 0.046296 0.094000
