0 0.157407 0.814000 0.074074 0.152000
0 0.022222 0.770000 0.042593 0.120000
0 0.013889 0.609000 0.024074 0.114000
0 0.062963 0.508000 0.044444 0.084000
0 0.123148 0.460000 0.040741 0.080000
0 0.152315 0.541000 0.043519 0.086000
0 0.164352 0.387000 0.036111 0.074000
0 0.201852 0.379000 0.038889 0.078000
0 0.208796 0.313000 0.032407 0.066000
0 0.307407 0.219000 0.020370 0.046000
0 0.309259 0.182000 0.011111 0.028000
0 0.323611 0.189000 0.012037 0.026000
0 0.335185 0.180000 0.012963 0.032000
0 0.967130 0.777000 0.043519 0.090000
0 0.893056 0.744000 0.050926 0.096000
0 0.812037 0.778000 0.055556 0.112000
0 0.663426 0.800000 0.086111 0.124000
0 0.668056 0.664000 0.049074 0.088000
0 0.623611 0.594000 0.049074 0.088000
0 0.582870 0.527000 0.058333 0.082000
0 0.586111 0.438000 0.038889 0.092000
0 0.657870 0.460000 0.039815 0.076000
0 0.707870 0.479000 0.041667 0.062000
0 0.698148 0.550000 0.055556 0.084000
0 0.747222 0.464000 0.033333 0.068000
0 0.714815 0.441000 0.025926 0.038000
0 0.794444 0.475000 0.040741 0.046000
0 0.799074 0.523000 0.037037 0.062000
0 0.760185 0.538000 0.038889 0.040000
0 0.774074 0.599000 0.040741 0.058000
0 0.808796 0.665000 0.037963 0.058000
0 0.840278 0.596000 0.036111 0.068000
0 0.851852 0.543000 0.027778 0.058000
0 0.881944 0.600000 0.034259 0.064000
0 0.893981 0.670000 0.030556 0.036000
0 0.732870 0.362000 0.032407 0.068000
0 0.700926 0.320000 0.022222 0.052000
0 0.671296 0.344000 0.022222 0.044000
0 0.674537 0.298000 0.023148 0.044000
0 0.641667 0.278000 0.024074 0.052000
0 0.625000 0.273000 0.014815 0.030000
0 0.620833 0.309000 0.026852 0.058000
0 0.591667 0.315000 0.033333 0.074000
0 0.555093 0.274000 0.025000 0.048000
0 0.513889 0.308000 0.025926 0.060000
0 0.558333 0.227000 0.020370 0.034000
0 0.571296 0.195000 0.012963 0.026000
0 0.608333 0.231000 0.025926 0.046000
0 0.593519 0.270000 0.027778 0.028000
0 0.368056 0.784000 0.084259 0.164000
0 0.365741 0.688000 0.050000 0.060000
0 0.415741 0.606000 0.057407 0.092000
0 0.423148 0.497000 0.046296 0.102000
0 0.369907 0.446000 0.041667 0.084000
0 0.404630 0.425000 0.035185 0.074000
0 0.445370 0.349000 0.035185 0.066000
0 0.468981 0.339000 0.019444 0.062000
0 0.448611 0.273000 0.028704 0.042000
0 0.439815 0.231000 0.018519 0.038000
0 0.412037 0.217000 0.012963 0.022000
0 0.422222 0.236000 0.016667 0.024000
0 0.384722 0.170000 0.013889 0.028000
0 0.378704 0.980000 0.070370 0.040000
0 0.723148 0.645000 0.044444 0.094000
0 0.515741 0.196000 0.018519 0.044000
0 0.478704 0.261000 0.024074 0.054000
0 0.395370 0.202000 0.009259 0.036000
