0 0.062963 0.514000 0.042593 0.088000
0 0.025926 0.600000 0.040741 0.124000
0 0.018519 0.776000 0.035185 0.124000
0 0.131944 0.477000 0.045370 0.074000
0 0.152778 0.536000 0.053704 0.080000
0 0.162500 0.378000 0.037963 0.084000
0 0.193519 0.391000 0.042593 0.074000
0 0.203704 0.316000 0.035185 0.068000
0 0.361111 0.777000 0.081481 0.150000
0 0.379167 0.690000 0.062037 0.088000
0 0.357870 0.500000 0.054630 0.100000
0 0.418981 0.605000 0.054630 0.130000
0 0.373148 0.438000 0.044444 0.092000
0 0.407870 0.419000 0.037963 0.074000
0 0.462500 0.370000 0.032407 0.068000
0 0.421759 0.274000 0.034259 0.064000
0 0.448611 0.271000 0.025000 0.062000
0 0.479167 0.262000 0.030556 0.060000
0 0.517130 0.313000 0.034259 0.074000
0 0.554167 0.230000 0.030556 0.048000
0 0.605093 0.228000 0.023148 0.048000
0 0.624537 0.267000 0.015741 0.046000
0 0.555093 0.272000 0.021296 0.048000
0 0.578241 0.304000 0.032407 0.068000
0 0.619907 0.313000 0.026852 0.062000
0 0.642593 0.281000 0.020370 0.066000
0 0.587500 0.428000 0.049074 0.096000
0 0.588426 0.517000 0.063889 0.098000
0 0.622685 0.582000 0.056481 0.108000
0 0.674074 0.662000 0.050000 0.104000
0 0.675926 0.791000 0.072222 0.166000
0 0.809722 0.789000 0.045370 0.122000
0 0.892130 0.742000 0.043519 0.092000
0 0.967593 0.779000 0.046296 0.102000
0 0.892593 0.667000 0.029630 0.058000
0 0.884722 0.599000 0.023148 0.062000
0 0.859259 0.547000 0.033333 0.066000
0 0.843056 0.596000 0.028704 0.084000
0 0.810648 0.666000 0.034259 0.068000
0 0.772685 0.597000 0.037963 0.078000
0 0.727778 0.634000 0.040741 0.096000
0 0.702315 0.560000 0.050926 0.096000
0 0.661574 0.464000 0.034259 0.068000
0 0.710648 0.484000 0.039815 0.064000
0 0.749074 0.462000 0.033333 0.084000
0 0.795833 0.474000 0.037963 0.072000
0 0.796759 0.530000 0.032407 0.076000
0 0.731019 0.364000 0.032407 0.064000
0 0.703241 0.314000 0.021296 0.064000
0 0.673148 0.295000 0.031481 0.054000
0 0.669444 0.345000 0.029630 0.062000
