0 0.063889 0.510000 0.037037 0.088000
0 0.015741 0.595000 0.029630 0.102000
0 0.024074 0.776000 0.046296 0.124000
0 0.133333 0.462000 0.050000 0.072000
0 0.151852 0.535000 0.040741 0.082000
0 0.199074 0.381000 0.031481 0.074000
0 0.162500 0.387000 0.039815 0.074000
0 0.206944 0.319000 0.037963 0.062000
0 0.358333 0.793000 0.079630 0.162000
0 0.375000 0.691000 0.061111 0.098000
0 0.416667 0.610000 0.061111 0.128000
0 0.407407 0.491000 0.057407 0.110000
0 0.368519 0.444000 0.046296 0.096000
0 0.407870 0.416000 0.041667 0.060000
0 0.457870 0.365000 0.034259 0.082000
0 0.433333 0.281000 0.035185 0.062000
0 0.450463 0.266000 0.017593 0.056000
0 0.474537 0.264000 0.032407 0.064000
0 0.519907 0.309000 0.032407 0.074000
0 0.415278 0.248000 0.023148 0.032000
0 0.414352 0.218000 0.017593 0.024000
0 0.313889 0.222000 0.022222 0.036000
0 0.555556 0.227000 0.020370 0.038000
0 0.517593 0.198000 0.018519 0.032000
0 0.571296 0.202000 0.011111 0.020000
0 0.608333 0.229000 0.020370 0.050000
0 0.553704 0.268000 0.025926 0.048000
0 0.586111 0.299000 0.031481 0.074000
0 0.618981 0.313000 0.025000 0.058000
0 0.625000 0.264000 0.020370 0.036000
0 0.643981 0.279000 0.025000 0.050000
0 0.670833 0.295000 0.028704 0.042000
0 0.702778 0.312000 0.020370 0.060000
0 0.666667 0.336000 0.031481 0.068000
0 0.582407 0.432000 0.051852 0.076000
0 0.592130 0.521000 0.050926 0.094000
0 0.624537 0.586000 0.052778 0.088000
0 0.661574 0.454000 0.034259 0.080000
0 0.733796 0.360000 0.032407 0.088000
0 0.713426 0.435000 0.025000 0.038000
0 0.709722 0.478000 0.049074 0.072000
0 0.700000 0.551000 0.051852 0.090000
0 0.746296 0.456000 0.035185 0.088000
0 0.769444 0.462000 0.014815 0.044000
0 0.795370 0.465000 0.040741 0.070000
0 0.794444 0.529000 0.044444 0.070000
0 0.851852 0.544000 0.027778 0.060000
0 0.883796 0.601000 0.023148 0.062000
0 0.840278 0.592000 0.036111 0.084000
0 0.724537 0.623000 0.043519 0.074000
0 0.769444 0.591000 0.042593 0.086000
0 0.673148 0.789000 0.053704 0.142000
0 0.668056 0.667000 0.043519 0.074000
0 0.804630 0.774000 0.042593 0.092000
0 0.809722 0.666000 0.039815 0.080000
0 0.890741 0.664000 0.035185 0.048000
0 0.890741 0.732000 0.044444 0.076000
0 0.969444 0.774000 0.040741 0.100000
