0 0.061574 0.508000 0.047222 0.076000
0 0.118981 0.460000 0.037963 0.076000
0 0.149537 0.536000 0.041667 0.084000
0 0.013889 0.608000 0.025926 0.124000
0 0.022222 0.772000 0.042593 0.116000
0 0.161111 0.388000 0.037037 0.076000
0 0.200000 0.383000 0.042593 0.094000
0 0.206019 0.317000 0.034259 0.074000
0 0.361111 0.801000 0.081481 0.158000
0 0.368056 0.695000 0.062037 0.110000
0 0.415278 0.609000 0.060185 0.134000
0 0.426852 0.500000 0.055556 0.100000
0 0.369907 0.448000 0.047222 0.096000
0 0.406019 0.423000 0.039815 0.094000
0 0.447685 0.363000 0.037963 0.074000
0 0.516204 0.310000 0.028704 0.072000
0 0.583333 0.436000 0.050000 0.100000
0 0.588426 0.522000 0.050926 0.088000
0 0.620833 0.589000 0.054630 0.086000
0 0.653241 0.810000 0.084259 0.144000
0 0.666667 0.664000 0.046296 0.116000
0 0.719907 0.630000 0.043519 0.088000
0 0.702778 0.553000 0.050000 0.102000
0 0.710185 0.494000 0.040741 0.068000
0 0.712500 0.436000 0.023148 0.036000
0 0.653704 0.456000 0.040741 0.072000
0 0.750000 0.465000 0.037037 0.090000
0 0.793981 0.476000 0.047222 0.084000
0 0.800463 0.527000 0.032407 0.054000
0 0.763426 0.535000 0.041667 0.070000
0 0.771296 0.591000 0.040741 0.062000
0 0.840741 0.597000 0.037037 0.070000
0 0.854167 0.536000 0.037963 0.068000
0 0.886574 0.591000 0.049074 0.062000
0 0.809259 0.680000 0.051852 0.072000
0 0.804630 0.775000 0.066667 0.106000
0 0.885648 0.728000 0.060185 0.080000
0 0.890741 0.657000 0.044444 0.078000
0 0.968056 0.764000 0.062037 0.104000
0 0.730556 0.361000 0.035185 0.078000
0 0.667593 0.342000 0.035185 0.068000
0 0.703704 0.306000 0.027778 0.064000
0 0.672685 0.294000 0.028704 0.072000
0 0.640278 0.278000 0.030556 0.064000
0 0.618981 0.313000 0.025000 0.058000
0 0.587037 0.317000 0.037037 0.078000
0 0.554167 0.275000 0.026852 0.058000
0 0.560648 0.227000 0.021296 0.042000
0 0.609722 0.232000 0.023148 0.052000
0 0.573611 0.199000 0.019444 0.026000
0 0.516667 0.196000 0.022222 0.044000
0 0.476389 0.265000 0.032407 0.066000
0 0.412037 0.215000 0.016667 0.030000
0 0.445370 0.265000 0.020370 0.030000
0 0.440278 0.227000 0.019444 0.042000
0 0.308333 0.224000 0.012963 0.036000
0 0.345833 0.184000 0.010185 0.024000
0 0.323611 0.193000 0.013889 0.034000
0 0.307407 0.197000 0.012963 0.022000
0 0.473611 0.172000 0.015741 0.024000
0 0.553241 0.182000 0.013889 0.024000
0 0.559722 0.166000 0.010185 0.024000
