0 0.060185 0.532000 0.055556 0.088000
0 0.253241 0.279000 0.025000 0.050000
0 0.288889 0.229000 0.033333 0.058000
0 0.200000 0.295000 0.033333 0.054000
0 0.156019 0.297000 0.034259 0.042000
0 0.619444 0.355000 0.046296 0.074000
0 0.541204 0.355000 0.041667 0.054000
0 0.485648 0.338000 0.032407 0.064000
0 0.423148 0.352000 0.042593 0.084000
0 0.616204 0.234000 0.028704 0.048000
0 0.545370 0.210000 0.031481 0.052000
0 0.514815 0.217000 0.027778 0.058000
0 0.482407 0.225000 0.029630 0.066000
0 0.445370 0.212000 0.027778 0.044000
