0 0.057870 0.506000 0.026852 0.072000
0 0.119444 0.466000 0.033333 0.076000
0 0.016204 0.577000 0.030556 0.114000
0 0.138426 0.539000 0.032407 0.078000
0 0.159722 0.378000 0.036111 0.072000
0 0.199537 0.323000 0.036111 0.074000
0 0.192130 0.383000 0.034259 0.062000
0 0.342593 0.515000 0.061111 0.110000
0 0.358333 0.792000 0.072222 0.136000
0 0.381944 0.702000 0.060185 0.108000
0 0.422685 0.619000 0.071296 0.146000
0 0.372222 0.450000 0.048148 0.100000
0 0.404167 0.417000 0.045370 0.082000
0 0.460185 0.363000 0.044444 0.086000
0 0.518056 0.310000 0.034259 0.076000
0 0.422685 0.286000 0.032407 0.064000
0 0.450926 0.274000 0.031481 0.084000
0 0.477315 0.257000 0.030556 0.050000
0 0.551852 0.272000 0.029630 0.048000
0 0.573611 0.295000 0.037963 0.082000
0 0.622685 0.272000 0.017593 0.032000
0 0.642130 0.285000 0.030556 0.042000
0 0.593981 0.284000 0.023148 0.044000
0 0.616667 0.313000 0.033333 0.070000
0 0.668981 0.340000 0.028704 0.068000
0 0.673148 0.294000 0.025926 0.060000
0 0.702315 0.320000 0.030556 0.084000
0 0.733333 0.358000 0.033333 0.080000
0 0.586111 0.432000 0.048148 0.076000
0 0.595370 0.523000 0.051852 0.098000
0 0.626852 0.583000 0.050000 0.106000
0 0.674074 0.668000 0.053704 0.104000
0 0.688426 0.790000 0.060185 0.148000
0 0.812500 0.783000 0.050926 0.126000
0 0.895370 0.748000 0.042593 0.108000
0 0.968519 0.782000 0.048148 0.104000
0 0.894907 0.676000 0.032407 0.088000
0 0.810648 0.674000 0.043519 0.084000
0 0.725000 0.648000 0.050000 0.108000
0 0.772685 0.604000 0.039815 0.092000
0 0.841204 0.597000 0.034259 0.074000
0 0.878704 0.607000 0.029630 0.078000
0 0.797685 0.525000 0.032407 0.074000
0 0.701389 0.554000 0.047222 0.104000
0 0.661111 0.469000 0.037037 0.074000
0 0.710648 0.493000 0.043519 0.090000
0 0.713889 0.440000 0.029630 0.044000
0 0.745833 0.466000 0.037963 0.088000
0 0.772222 0.467000 0.020370 0.070000
