0 0.254167 0.549000 0.062037 0.098000
0 0.337037 0.604000 0.062963 0.096000
0 0.283796 0.859000 0.062037 0.122000
0 0.382870 0.493000 0.041667 0.102000
0 0.160185 0.403000 0.048148 0.078000
0 0.118519 0.330000 0.037037 0.072000
0 0.150926 0.292000 0.038889 0.076000
0 0.199074 0.294000 0.027778 0.072000
0 0.255556 0.279000 0.035185 0.082000
0 0.287500 0.227000 0.023148 0.082000
0 0.759259 0.512000 0.062963 0.120000
0 0.803704 0.378000 0.044444 0.060000
0 0.720370 0.312000 0.046296 0.064000
0 0.668056 0.352000 0.045370 0.056000
0 0.616204 0.355000 0.037963 0.066000
0 0.542130 0.346000 0.043519 0.064000
0 0.490741 0.342000 0.037037 0.084000
0 0.431019 0.352000 0.039815 0.084000
0 0.397685 0.349000 0.045370 0.058000
