0 0.064352 0.517000 0.039815 0.086000
0 0.022222 0.586000 0.042593 0.124000
0 0.022685 0.776000 0.043519 0.124000
0 0.132407 0.474000 0.048148 0.080000
0 0.152315 0.531000 0.047222 0.114000
0 0.162037 0.387000 0.037037 0.074000
0 0.193056 0.380000 0.039815 0.076000
0 0.203704 0.320000 0.025926 0.076000
0 0.362500 0.505000 0.056481 0.110000
0 0.418519 0.612000 0.055556 0.132000
0 0.380093 0.694000 0.060185 0.112000
0 0.359259 0.780000 0.096296 0.176000
0 0.369444 0.440000 0.044444 0.088000
0 0.403704 0.417000 0.040741 0.094000
0 0.461574 0.362000 0.039815 0.088000
0 0.518519 0.307000 0.035185 0.082000
0 0.420833 0.277000 0.034259 0.058000
0 0.447222 0.268000 0.025926 0.080000
0 0.481019 0.257000 0.032407 0.070000
0 0.553241 0.271000 0.028704 0.074000
0 0.555093 0.228000 0.026852 0.056000
0 0.516204 0.197000 0.023148 0.046000
0 0.607407 0.234000 0.029630 0.040000
0 0.576852 0.298000 0.040741 0.076000
0 0.598148 0.283000 0.020370 0.050000
0 0.622685 0.269000 0.025000 0.030000
0 0.641204 0.281000 0.021296 0.050000
0 0.621296 0.316000 0.035185 0.060000
0 0.672685 0.293000 0.028704 0.058000
0 0.701852 0.318000 0.031481 0.064000
0 0.730093 0.364000 0.030556 0.072000
0 0.667130 0.345000 0.037963 0.066000
0 0.586111 0.430000 0.038889 0.108000
0 0.593981 0.522000 0.050926 0.084000
0 0.626389 0.582000 0.056481 0.116000
0 0.673611 0.657000 0.050926 0.098000
0 0.679167 0.788000 0.069444 0.144000
0 0.894444 0.737000 0.046296 0.082000
0 0.968981 0.779000 0.045370 0.094000
0 0.809259 0.772000 0.051852 0.104000
0 0.809722 0.663000 0.036111 0.086000
0 0.773148 0.600000 0.044444 0.084000
0 0.727315 0.631000 0.041667 0.078000
0 0.698611 0.552000 0.049074 0.080000
0 0.710648 0.484000 0.034259 0.052000
0 0.656481 0.464000 0.044444 0.072000
0 0.712037 0.429000 0.018519 0.034000
0 0.749074 0.466000 0.038889 0.092000
0 0.794444 0.473000 0.038889 0.054000
0 0.795370 0.527000 0.035185 0.062000
0 0.758796 0.534000 0.037963 0.076000
0 0.859259 0.548000 0.020370 0.052000
0 0.884259 0.601000 0.033333 0.082000
0 0.892130 0.670000 0.032407 0.080000
0 0.841204 0.593000 0.036111 0.098000
