0 0.760185 0.518000 0.055556 0.104000
0 0.802315 0.390000 0.045370 0.064000
0 0.713426 0.305000 0.030556 0.046000
0 0.667130 0.342000 0.034259 0.048000
0 0.615278 0.356000 0.036111 0.068000
0 0.547222 0.348000 0.051852 0.080000
0 0.489352 0.349000 0.036111 0.066000
0 0.426852 0.344000 0.037037 0.056000
0 0.453241 0.207000 0.023148 0.038000
0 0.398611 0.346000 0.037963 0.072000
0 0.386111 0.484000 0.048148 0.096000
0 0.337037 0.604000 0.055556 0.096000
0 0.255093 0.553000 0.065741 0.110000
0 0.165741 0.408000 0.051852 0.092000
0 0.118519 0.324000 0.037037 0.072000
0 0.155556 0.296000 0.029630 0.068000
0 0.198148 0.297000 0.033333 0.074000
0 0.258333 0.263000 0.024074 0.078000
0 0.287963 0.224000 0.037037 0.072000
