0 0.212963 0.622000 0.062963 0.140000
0 0.023611 0.766000 0.041667 0.120000
0 0.016667 0.603000 0.031481 0.110000
0 0.063889 0.508000 0.044444 0.084000
0 0.124074 0.462000 0.040741 0.080000
0 0.154167 0.537000 0.047222 0.082000
0 0.166204 0.385000 0.036111 0.074000
0 0.199074 0.383000 0.038889 0.078000
0 0.208796 0.321000 0.032407 0.066000
0 0.304630 0.221000 0.020370 0.046000
0 0.323611 0.189000 0.012037 0.026000
0 0.334259 0.182000 0.012963 0.032000
0 0.966667 0.780000 0.046296 0.100000
0 0.890741 0.742000 0.050000 0.108000
0 0.811111 0.772000 0.055556 0.112000
0 0.665278 0.796000 0.086111 0.124000
0 0.666204 0.670000 0.049074 0.088000
0 0.625463 0.590000 0.049074 0.088000
0 0.586574 0.525000 0.058333 0.082000
0 0.585185 0.432000 0.040741 0.076000
0 0.658796 0.462000 0.039815 0.076000
0 0.707870 0.481000 0.041667 0.062000
0 0.698148 0.556000 0.055556 0.084000
0 0.750000 0.460000 0.033333 0.068000
0 0.713889 0.441000 0.025926 0.038000
0 0.795370 0.474000 0.040741 0.056000
0 0.799074 0.527000 0.037037 0.062000
0 0.760185 0.538000 0.038889 0.040000
0 0.774537 0.600000 0.039815 0.060000
0 0.808796 0.667000 0.037963 0.058000
0 0.840278 0.594000 0.036111 0.068000
0 0.850000 0.547000 0.027778 0.058000
0 0.880093 0.602000 0.034259 0.064000
0 0.891667 0.665000 0.035185 0.046000
0 0.732870 0.362000 0.032407 0.068000
0 0.700926 0.317000 0.024074 0.058000
0 0.668981 0.344000 0.026852 0.048000
0 0.672685 0.298000 0.023148 0.044000
0 0.641667 0.278000 0.024074 0.052000
0 0.625000 0.273000 0.014815 0.030000
0 0.620833 0.307000 0.026852 0.058000
0 0.592593 0.315000 0.033333 0.074000
0 0.555093 0.270000 0.025000 0.048000
0 0.514352 0.307000 0.026852 0.066000
0 0.553704 0.221000 0.020370 0.034000
0 0.571296 0.199000 0.012963 0.026000
0 0.608333 0.233000 0.025926 0.046000
0 0.593519 0.270000 0.027778 0.028000
0 0.360648 0.785000 0.087963 0.154000
0 0.363889 0.685000 0.053704 0.062000
0 0.413889 0.602000 0.057407 0.092000
0 0.422222 0.497000 0.046296 0.102000
0 0.369907 0.446000 0.041667 0.084000
0 0.403704 0.423000 0.035185 0.074000
0 0.446759 0.348000 0.037963 0.068000
0 0.469907 0.337000 0.019444 0.062000
0 0.441204 0.287000 0.028704 0.042000
0 0.438889 0.229000 0.018519 0.034000
0 0.413426 0.220000 0.015741 0.036000
0 0.381944 0.166000 0.013889 0.028000
0 0.361111 0.970000 0.081481 0.060000
0 0.724074 0.641000 0.044444 0.094000
0 0.515741 0.196000 0.018519 0.044000
0 0.479630 0.263000 0.024074 0.054000
0 0.393981 0.205000 0.012037 0.034000
