0 0.020370 0.585000 0.038889 0.122000
0 0.023611 0.777000 0.045370 0.134000
0 0.065278 0.513000 0.045370 0.106000
0 0.132870 0.473000 0.056481 0.122000
0 0.153241 0.536000 0.052778 0.092000
0 0.161111 0.386000 0.038889 0.100000
0 0.194444 0.377000 0.040741 0.074000
0 0.205556 0.319000 0.035185 0.086000
0 0.361111 0.792000 0.087037 0.140000
0 0.379167 0.702000 0.076852 0.136000
0 0.417593 0.607000 0.061111 0.118000
0 0.374537 0.505000 0.065741 0.098000
0 0.371296 0.437000 0.042593 0.090000
0 0.402778 0.419000 0.046296 0.094000
0 0.461574 0.366000 0.050926 0.096000
0 0.422685 0.279000 0.026852 0.066000
0 0.446759 0.269000 0.026852 0.050000
0 0.479630 0.262000 0.033333 0.064000
0 0.518981 0.308000 0.039815 0.076000
0 0.552315 0.275000 0.025000 0.062000
0 0.554630 0.225000 0.022222 0.062000
0 0.514815 0.201000 0.020370 0.050000
0 0.584722 0.301000 0.028704 0.086000
0 0.608796 0.228000 0.026852 0.060000
0 0.622685 0.266000 0.017593 0.040000
0 0.618981 0.312000 0.036111 0.072000
0 0.642593 0.280000 0.024074 0.052000
0 0.674537 0.294000 0.026852 0.060000
0 0.668519 0.339000 0.037037 0.074000
0 0.587037 0.429000 0.042593 0.110000
0 0.588889 0.518000 0.059259 0.100000
0 0.626852 0.588000 0.051852 0.096000
0 0.675000 0.660000 0.051852 0.104000
0 0.723611 0.633000 0.049074 0.102000
0 0.701852 0.560000 0.053704 0.116000
0 0.708796 0.493000 0.047222 0.094000
0 0.714815 0.438000 0.025926 0.040000
0 0.658333 0.464000 0.038889 0.092000
0 0.733796 0.363000 0.043519 0.102000
0 0.700463 0.320000 0.023148 0.064000
0 0.752315 0.466000 0.026852 0.088000
0 0.760185 0.535000 0.044444 0.086000
0 0.793981 0.478000 0.039815 0.072000
0 0.798148 0.531000 0.046296 0.066000
0 0.775463 0.606000 0.043519 0.088000
0 0.841204 0.601000 0.043519 0.086000
0 0.856481 0.547000 0.029630 0.078000
0 0.885185 0.599000 0.031481 0.070000
0 0.892593 0.667000 0.040741 0.066000
0 0.895833 0.729000 0.041667 0.074000
0 0.804167 0.666000 0.037963 0.080000
0 0.678241 0.784000 0.073148 0.148000
0 0.809722 0.780000 0.050926 0.104000
0 0.968056 0.777000 0.045370 0.102000
