0 0.193056 0.387000 0.032407 0.058000
0 0.162963 0.384000 0.037037 0.080000
0 0.133333 0.470000 0.040741 0.084000
0 0.153241 0.530000 0.045370 0.080000
0 0.065278 0.516000 0.037963 0.084000
0 0.025000 0.588000 0.042593 0.124000
0 0.024537 0.768000 0.047222 0.164000
0 0.203241 0.319000 0.025000 0.058000
0 0.359722 0.787000 0.078704 0.146000
0 0.378704 0.700000 0.062963 0.108000
0 0.418519 0.604000 0.061111 0.096000
0 0.360185 0.495000 0.053704 0.094000
0 0.371759 0.441000 0.036111 0.082000
0 0.408333 0.426000 0.048148 0.108000
0 0.461111 0.366000 0.044444 0.084000
0 0.422222 0.276000 0.029630 0.056000
0 0.447685 0.270000 0.028704 0.060000
0 0.478704 0.259000 0.029630 0.070000
0 0.519907 0.311000 0.032407 0.094000
0 0.554167 0.227000 0.019444 0.054000
0 0.552315 0.270000 0.030556 0.064000
0 0.579630 0.300000 0.033333 0.084000
0 0.585185 0.425000 0.050000 0.102000
0 0.592593 0.518000 0.057407 0.092000
0 0.627778 0.591000 0.051852 0.102000
0 0.675000 0.664000 0.044444 0.108000
0 0.673148 0.801000 0.075926 0.158000
0 0.812500 0.779000 0.041667 0.082000
0 0.894907 0.734000 0.039815 0.096000
0 0.967593 0.778000 0.035185 0.112000
0 0.891667 0.672000 0.033333 0.048000
0 0.840278 0.593000 0.037963 0.086000
0 0.856019 0.544000 0.023148 0.096000
0 0.883796 0.604000 0.034259 0.088000
0 0.811111 0.669000 0.040741 0.102000
0 0.772222 0.601000 0.040741 0.094000
0 0.727315 0.640000 0.041667 0.096000
0 0.700000 0.556000 0.048148 0.088000
0 0.659259 0.477000 0.044444 0.086000
0 0.710185 0.488000 0.046296 0.064000
0 0.712963 0.434000 0.027778 0.044000
0 0.747685 0.460000 0.037963 0.076000
0 0.793519 0.471000 0.042593 0.078000
0 0.795833 0.524000 0.034259 0.072000
0 0.668981 0.343000 0.036111 0.062000
0 0.728241 0.361000 0.034259 0.070000
0 0.699537 0.313000 0.036111 0.070000
0 0.672222 0.292000 0.033333 0.072000
0 0.644444 0.277000 0.022222 0.054000
0 0.623611 0.268000 0.023148 0.036000
0 0.621296 0.316000 0.033333 0.072000
0 0.607870 0.224000 0.025000 0.048000
0 0.516667 0.198000 0.014815 0.028000
