0 0.806481 0.393000 0.046296 0.090000
0 0.764352 0.498000 0.056481 0.116000
0 0.616667 0.356000 0.046296 0.068000
0 0.665278 0.350000 0.032407 0.064000
0 0.715741 0.312000 0.044444 0.060000
0 0.543056 0.354000 0.045370 0.048000
0 0.485185 0.349000 0.050000 0.090000
0 0.431481 0.365000 0.040741 0.106000
0 0.400463 0.351000 0.037963 0.094000
0 0.384259 0.486000 0.051852 0.096000
0 0.362963 0.419000 0.035185 0.050000
0 0.394444 0.428000 0.040741 0.056000
0 0.333796 0.595000 0.056481 0.102000
0 0.265278 0.852000 0.078704 0.132000
0 0.259722 0.556000 0.078704 0.116000
0 0.197222 0.396000 0.048148 0.092000
0 0.255093 0.274000 0.036111 0.056000
0 0.287963 0.231000 0.029630 0.046000
0 0.121296 0.339000 0.057407 0.090000
0 0.152778 0.294000 0.042593 0.064000
0 0.196296 0.286000 0.042593 0.088000
0 0.704167 0.272000 0.028704 0.052000
