0 0.025463 0.591000 0.041667 0.110000
0 0.057870 0.514000 0.037963 0.084000
0 0.127778 0.461000 0.037037 0.082000
0 0.148611 0.530000 0.045370 0.080000
0 0.161574 0.381000 0.034259 0.070000
0 0.201389 0.320000 0.036111 0.076000
0 0.193519 0.382000 0.044444 0.072000
0 0.342593 0.518000 0.061111 0.088000
0 0.419907 0.609000 0.065741 0.094000
0 0.383333 0.689000 0.059259 0.110000
0 0.360185 0.784000 0.103704 0.176000
0 0.370370 0.450000 0.050000 0.096000
0 0.405093 0.419000 0.037963 0.086000
0 0.463889 0.369000 0.040741 0.074000
0 0.422222 0.275000 0.027778 0.062000
0 0.448148 0.275000 0.025926 0.050000
0 0.480093 0.265000 0.030556 0.066000
0 0.516204 0.306000 0.032407 0.076000
0 0.556019 0.230000 0.021296 0.044000
0 0.556019 0.270000 0.023148 0.056000
0 0.576389 0.306000 0.032407 0.068000
0 0.620370 0.317000 0.029630 0.074000
0 0.625463 0.266000 0.023148 0.044000
0 0.608796 0.230000 0.030556 0.044000
0 0.643056 0.284000 0.021296 0.056000
0 0.671759 0.298000 0.028704 0.060000
0 0.667130 0.346000 0.034259 0.076000
0 0.587037 0.432000 0.046296 0.076000
0 0.700926 0.317000 0.029630 0.070000
0 0.731944 0.366000 0.036111 0.080000
0 0.657870 0.462000 0.039815 0.096000
0 0.589815 0.522000 0.062963 0.096000
0 0.625463 0.590000 0.054630 0.104000
0 0.696759 0.556000 0.052778 0.076000
0 0.710648 0.484000 0.041667 0.048000
0 0.714352 0.437000 0.021296 0.034000
0 0.674537 0.659000 0.043519 0.094000
0 0.691204 0.782000 0.049074 0.136000
0 0.730093 0.639000 0.037963 0.086000
0 0.749074 0.460000 0.033333 0.076000
0 0.794907 0.481000 0.032407 0.050000
0 0.798148 0.534000 0.031481 0.068000
0 0.756481 0.543000 0.029630 0.066000
0 0.773611 0.605000 0.037963 0.058000
0 0.856481 0.543000 0.031481 0.086000
0 0.878704 0.605000 0.029630 0.094000
0 0.842593 0.599000 0.037037 0.086000
0 0.811111 0.670000 0.042593 0.072000
0 0.809259 0.766000 0.053704 0.104000
0 0.892593 0.673000 0.035185 0.082000
0 0.894444 0.736000 0.046296 0.084000
0 0.968056 0.789000 0.041667 0.078000
