0 0.147222 0.429000 0.048148 0.094000
0 0.125000 0.323000 0.033333 0.074000
0 0.153704 0.293000 0.029630 0.058000
0 0.201389 0.293000 0.034259 0.070000
0 0.256481 0.269000 0.031481 0.058000
0 0.286574 0.233000 0.023148 0.058000
0 0.260185 0.550000 0.061111 0.124000
0 0.339352 0.621000 0.056481 0.106000
0 0.282407 0.848000 0.074074 0.120000
0 0.383333 0.495000 0.048148 0.082000
0 0.389815 0.442000 0.037037 0.076000
0 0.395370 0.339000 0.035185 0.070000
0 0.428704 0.343000 0.029630 0.046000
0 0.487500 0.350000 0.047222 0.080000
0 0.542130 0.357000 0.043519 0.078000
0 0.616204 0.358000 0.037963 0.072000
0 0.666204 0.346000 0.043519 0.076000
0 0.714352 0.312000 0.028704 0.060000
0 0.799074 0.385000 0.051852 0.102000
0 0.746296 0.506000 0.059259 0.112000
