0 0.065278 0.515000 0.043519 0.082000
0 0.013889 0.609000 0.025926 0.118000
0 0.025000 0.775000 0.048148 0.130000
0 0.127778 0.456000 0.044444 0.076000
0 0.151852 0.540000 0.048148 0.092000
0 0.164352 0.383000 0.043519 0.090000
0 0.200000 0.382000 0.046296 0.072000
0 0.203704 0.315000 0.029630 0.078000
0 0.310185 0.229000 0.022222 0.034000
0 0.347685 0.180000 0.017593 0.032000
0 0.360648 0.782000 0.084259 0.152000
0 0.369444 0.696000 0.055556 0.112000
0 0.419444 0.605000 0.053704 0.102000
0 0.415741 0.495000 0.050000 0.098000
0 0.368056 0.446000 0.050926 0.096000
0 0.405556 0.417000 0.046296 0.114000
0 0.452315 0.363000 0.041667 0.074000
0 0.441667 0.289000 0.024074 0.046000
0 0.514352 0.312000 0.030556 0.060000
0 0.475000 0.261000 0.027778 0.038000
0 0.417593 0.235000 0.020370 0.034000
0 0.437037 0.230000 0.020370 0.036000
0 0.514815 0.195000 0.018519 0.042000
0 0.556481 0.225000 0.022222 0.038000
0 0.553704 0.272000 0.027778 0.048000
0 0.588889 0.305000 0.033333 0.086000
0 0.588889 0.427000 0.044444 0.074000
0 0.587963 0.523000 0.050000 0.078000
0 0.627778 0.586000 0.046296 0.092000
0 0.668519 0.661000 0.059259 0.090000
0 0.647222 0.805000 0.075926 0.094000
0 0.806481 0.785000 0.040741 0.086000
0 0.888889 0.727000 0.046296 0.078000
0 0.966204 0.769000 0.054630 0.102000
0 0.890278 0.664000 0.030556 0.072000
0 0.884722 0.591000 0.030556 0.082000
0 0.851852 0.533000 0.027778 0.054000
0 0.839815 0.590000 0.040741 0.080000
0 0.802778 0.523000 0.027778 0.058000
0 0.777315 0.597000 0.043519 0.070000
0 0.758333 0.540000 0.031481 0.052000
0 0.701852 0.551000 0.046296 0.082000
0 0.709259 0.484000 0.025926 0.052000
0 0.714815 0.433000 0.011111 0.026000
0 0.751389 0.460000 0.037963 0.080000
0 0.793056 0.465000 0.028704 0.062000
0 0.657407 0.466000 0.044444 0.072000
0 0.730556 0.365000 0.031481 0.062000
0 0.666204 0.341000 0.023148 0.046000
0 0.672685 0.293000 0.025000 0.058000
0 0.702778 0.317000 0.025926 0.062000
0 0.643519 0.281000 0.022222 0.050000
0 0.619907 0.312000 0.028704 0.060000
0 0.610185 0.230000 0.022222 0.040000
0 0.625463 0.263000 0.017593 0.042000
0 0.381481 0.194000 0.020370 0.036000
0 0.556481 0.179000 0.011111 0.022000
0 0.573148 0.193000 0.016667 0.022000
0 0.435648 0.193000 0.012037 0.018000
0 0.419444 0.181000 0.011111 0.022000
0 0.406019 0.200000 0.008333 0.024000
0 0.397685 0.198000 0.010185 0.024000
