0 0.359722 0.785000 0.073148 0.142000
0 0.381944 0.695000 0.056481 0.098000
0 0.419444 0.605000 0.053704 0.110000
0 0.350926 0.502000 0.053704 0.096000
0 0.370370 0.444000 0.046296 0.096000
0 0.406944 0.413000 0.039815 0.086000
0 0.460648 0.362000 0.041667 0.088000
0 0.422222 0.276000 0.029630 0.052000
0 0.447222 0.276000 0.025926 0.060000
0 0.475926 0.258000 0.024074 0.056000
0 0.518056 0.306000 0.039815 0.076000
0 0.204167 0.312000 0.023148 0.068000
0 0.197222 0.383000 0.051852 0.094000
0 0.164352 0.378000 0.043519 0.084000
0 0.133333 0.469000 0.059259 0.082000
0 0.151852 0.531000 0.042593 0.098000
0 0.064815 0.517000 0.044444 0.102000
0 0.028704 0.599000 0.055556 0.122000
0 0.024537 0.772000 0.047222 0.132000
0 0.683333 0.794000 0.062963 0.132000
0 0.812037 0.782000 0.035185 0.088000
0 0.890278 0.746000 0.037963 0.104000
0 0.967130 0.776000 0.041667 0.104000
0 0.893519 0.676000 0.042593 0.076000
0 0.886574 0.596000 0.032407 0.060000
0 0.857870 0.545000 0.036111 0.050000
0 0.843981 0.602000 0.037963 0.092000
0 0.806481 0.670000 0.040741 0.076000
0 0.726389 0.631000 0.041667 0.074000
0 0.681019 0.658000 0.039815 0.072000
0 0.629167 0.583000 0.041667 0.082000
0 0.594444 0.530000 0.048148 0.096000
0 0.587500 0.435000 0.041667 0.074000
0 0.660648 0.466000 0.037963 0.088000
0 0.708796 0.491000 0.047222 0.066000
0 0.711574 0.438000 0.025000 0.044000
0 0.748611 0.461000 0.034259 0.070000
0 0.795370 0.477000 0.031481 0.050000
0 0.796759 0.525000 0.032407 0.086000
0 0.764815 0.544000 0.042593 0.064000
0 0.777315 0.600000 0.041667 0.068000
0 0.618519 0.313000 0.031481 0.066000
0 0.670833 0.342000 0.028704 0.072000
0 0.733333 0.361000 0.035185 0.082000
0 0.701852 0.319000 0.031481 0.070000
0 0.672685 0.295000 0.030556 0.050000
0 0.643056 0.270000 0.030556 0.072000
0 0.624537 0.269000 0.021296 0.038000
0 0.611574 0.229000 0.026852 0.042000
0 0.554630 0.228000 0.018519 0.040000
0 0.553704 0.282000 0.025926 0.052000
0 0.577778 0.291000 0.033333 0.062000
0 0.595370 0.334000 0.014815 0.024000
0 0.705556 0.559000 0.050000 0.082000
