0 0.065278 0.514000 0.036111 0.092000
0 0.150000 0.533000 0.042593 0.082000
0 0.134259 0.454000 0.035185 0.068000
0 0.160185 0.381000 0.035185 0.062000
0 0.197685 0.383000 0.034259 0.066000
0 0.203241 0.316000 0.028704 0.060000
0 0.014815 0.593000 0.027778 0.110000
0 0.020370 0.778000 0.038889 0.128000
0 0.358796 0.778000 0.073148 0.120000
0 0.374537 0.979000 0.060185 0.042000
0 0.373148 0.690000 0.057407 0.076000
0 0.418056 0.599000 0.049074 0.094000
0 0.412963 0.502000 0.044444 0.100000
0 0.370370 0.441000 0.046296 0.074000
0 0.406481 0.424000 0.038889 0.088000
0 0.437963 0.285000 0.024074 0.034000
0 0.448148 0.273000 0.018519 0.046000
0 0.412037 0.235000 0.024074 0.034000
0 0.309722 0.219000 0.012037 0.022000
0 0.305556 0.189000 0.012963 0.026000
0 0.324537 0.186000 0.008333 0.016000
0 0.348611 0.175000 0.010185 0.030000
0 0.381019 0.189000 0.012037 0.030000
0 0.516667 0.194000 0.018519 0.040000
0 0.434259 0.196000 0.012963 0.028000
0 0.412500 0.215000 0.012037 0.022000
0 0.478241 0.262000 0.030556 0.040000
0 0.454630 0.356000 0.033333 0.068000
0 0.516204 0.308000 0.032407 0.056000
0 0.555556 0.274000 0.025926 0.048000
0 0.556019 0.233000 0.019444 0.026000
0 0.573148 0.196000 0.014815 0.028000
0 0.611111 0.228000 0.022222 0.044000
0 0.619907 0.317000 0.026852 0.058000
0 0.587037 0.304000 0.035185 0.064000
0 0.584722 0.428000 0.039815 0.064000
0 0.588426 0.522000 0.054630 0.068000
0 0.626389 0.584000 0.047222 0.104000
0 0.673148 0.659000 0.046296 0.086000
0 0.660648 0.796000 0.076852 0.116000
0 0.806019 0.763000 0.049074 0.078000
0 0.890278 0.718000 0.043519 0.076000
0 0.967593 0.763000 0.050000 0.082000
0 0.891204 0.666000 0.034259 0.060000
0 0.806481 0.658000 0.051852 0.068000
0 0.723148 0.626000 0.051852 0.088000
0 0.773611 0.589000 0.036111 0.066000
0 0.838889 0.588000 0.040741 0.076000
0 0.851852 0.547000 0.027778 0.046000
0 0.883333 0.587000 0.037037 0.066000
0 0.797222 0.529000 0.037037 0.062000
0 0.796759 0.469000 0.045370 0.082000
0 0.759722 0.536000 0.041667 0.068000
0 0.702778 0.555000 0.044444 0.090000
0 0.656019 0.453000 0.043519 0.062000
0 0.706944 0.481000 0.041667 0.062000
0 0.712963 0.437000 0.022222 0.034000
0 0.748148 0.464000 0.038889 0.068000
0 0.731481 0.365000 0.035185 0.058000
0 0.702315 0.318000 0.025000 0.060000
0 0.672222 0.294000 0.031481 0.052000
0 0.641667 0.274000 0.020370 0.052000
0 0.626389 0.269000 0.015741 0.026000
0 0.665741 0.341000 0.037037 0.066000
